search space size: 100
budget: 300

avgpool-armcl-opencl:: with Fourier
speedup train: 1.049
speedup: 1.046
speedup optimal: 1.287
default runtime: 1.000e+00
best runtime: 9.561e-01
default flags: -O3
best flags: -O3 0 1 2 3 4 5 6 7 8 9 10 11 12 13 14 15 16 17 18 19 20 21 22 23 24 25 26 27 28 29 30 31 32 33 34 35 36 37 38 39 40 41 42 43 44 45 46 47 48 49 50 51 52 53 54 55 56 57 58 59 60 61 62 63 64 65 66 67 68 69 70 71 72 73 74 75 76 77 78 79 80 81 82 83 84 85 86 87 88 89 90 91 92 93 94 95 96 97 98 99

avgpool-armcl-opencl-uint8:: with Fourier
speedup train: 1.061
speedup: 1.147
speedup optimal: 1.417
default runtime: 1.000e+00
best runtime: 8.720e-01
default flags: -O3
best flags: -O3 0 1 2 3 4 5 6 7 8 9 10 11 12 13 14 15 16 17 18 19 20 21 22 23 24 25 26 27 28 29 30 31 32 33 34 35 36 37 38 39 40 41 42 43 44 45 46 47 48 49 50 51 52 53 54 55 56 57 58 59 60 61 62 63 64 65 66 67 68 69 70 71 72 73 74 75 76 77 78 79 80 81 82 83 84 85 86 87 88 89 90 91 92 93 94 95 96 97 98 99

avgpool-caffe-cpu:: with Fourier
speedup train: 1.020
speedup: 1.089
speedup optimal: 1.289
default runtime: 1.000e+00
best runtime: 9.185e-01
default flags: -O3
best flags: -O3 0 1 2 3 4 5 6 7 8 9 10 11 12 13 14 15 16 17 18 19 20 21 22 23 24 25 26 27 28 29 30 31 32 33 34 35 36 37 38 39 40 41 42 43 44 45 46 47 48 49 50 51 52 53 54 55 56 57 58 59 60 61 62 63 64 65 66 67 68 69 70 71 72 73 74 75 76 77 78 79 80 81 82 83 84 85 86 87 88 89 90 91 92 93 94 95 96 97 98 99

avgpool-caffe-opencl:: with Fourier
speedup train: 1.069
speedup: 1.127
speedup optimal: 1.309
default runtime: 1.000e+00
best runtime: 8.876e-01
default flags: -O3
best flags: -O3 0 1 2 3 4 5 6 7 8 9 10 11 12 13 14 15 16 17 18 19 20 21 22 23 24 25 26 27 28 29 30 31 32 33 34 35 36 37 38 39 40 41 42 43 44 45 46 47 48 49 50 51 52 53 54 55 56 57 58 59 60 61 62 63 64 65 66 67 68 69 70 71 72 73 74 75 76 77 78 79 80 81 82 83 84 85 86 87 88 89 90 91 92 93 94 95 96 97 98 99

avgpool-tensorflow-cpu:: with Fourier
speedup train: 1.077
speedup: 0.949
speedup optimal: 1.652
default runtime: 1.000e+00
best runtime: 1.054e+00
default flags: -O3
best flags: -O3 0 1 2 3 4 5 6 7 8 9 10 11 12 13 14 15 16 17 18 19 20 21 22 23 24 25 26 27 28 29 30 31 32 33 34 35 36 37 38 39 40 41 42 43 44 45 46 47 48 49 50 51 52 53 54 55 56 57 58 59 60 61 62 63 64 65 66 67 68 69 70 71 72 73 74 75 76 77 78 79 80 81 82 83 84 85 86 87 88 89 90 91 92 93 94 95 96 97 98 99

avgpool-tensorflow-cpu-uint8:: with Fourier
speedup train: 1.105
speedup: 1.073
speedup optimal: 1.234
default runtime: 1.000e+00
best runtime: 9.323e-01
default flags: -O3
best flags: -O3 0 1 2 3 4 5 6 7 8 9 10 11 12 13 14 15 16 17 18 19 20 21 22 23 24 25 26 27 28 29 30 31 32 33 34 35 36 37 38 39 40 41 42 43 44 45 46 47 48 49 50 51 52 53 54 55 56 57 58 59 60 61 62 63 64 65 66 67 68 69 70 71 72 73 74 75 76 77 78 79 80 81 82 83 84 85 86 87 88 89 90 91 92 93 94 95 96 97 98 99

cbench-automotive-bitcount:number-0001: with Fourier
speedup train: 0.980
speedup: 1.079
speedup optimal: 1.165
default runtime: 1.000e+00
best runtime: 9.270e-01
default flags: -O3
best flags: -O3 0 1 2 3 4 5 6 7 8 9 10 11 12 13 14 15 16 17 18 19 20 21 22 23 24 25 26 27 28 29 30 31 32 33 34 35 36 37 38 39 40 41 42 43 44 45 46 47 48 49 50 51 52 53 54 55 56 57 58 59 60 61 62 63 64 65 66 67 68 69 70 71 72 73 74 75 76 77 78 79 80 81 82 83 84 85 86 87 88 89 90 91 92 93 94 95 96 97 98 99

cbench-automotive-qsort1:cdataset-qsort-0001: with Fourier
speedup train: 1.007
speedup: 1.070
speedup optimal: 1.265
default runtime: 1.000e+00
best runtime: 9.344e-01
default flags: -O3
best flags: -O3 0 1 2 3 4 5 6 7 8 9 10 11 12 13 14 15 16 17 18 19 20 21 22 23 24 25 26 27 28 29 30 31 32 33 34 35 36 37 38 39 40 41 42 43 44 45 46 47 48 49 50 51 52 53 54 55 56 57 58 59 60 61 62 63 64 65 66 67 68 69 70 71 72 73 74 75 76 77 78 79 80 81 82 83 84 85 86 87 88 89 90 91 92 93 94 95 96 97 98 99

cbench-automotive-susan:image-pgm-0001:corners with Fourier
speedup train: 1.079
speedup: 1.124
speedup optimal: 1.450
default runtime: 1.000e+00
best runtime: 8.899e-01
default flags: -O3
best flags: -O3 0 1 2 3 4 5 6 7 8 9 10 11 12 13 14 15 16 17 18 19 20 21 22 23 24 25 26 27 28 29 30 31 32 33 34 35 36 37 38 39 40 41 42 43 44 45 46 47 48 49 50 51 52 53 54 55 56 57 58 59 60 61 62 63 64 65 66 67 68 69 70 71 72 73 74 75 76 77 78 79 80 81 82 83 84 85 86 87 88 89 90 91 92 93 94 95 96 97 98 99

cbench-automotive-susan:image-pgm-0001:edges with Fourier
speedup train: 1.085
speedup: 1.151
speedup optimal: 1.451
default runtime: 1.000e+00
best runtime: 8.692e-01
default flags: -O3
best flags: -O3 0 1 2 3 4 5 6 7 8 9 10 11 12 13 14 15 16 17 18 19 20 21 22 23 24 25 26 27 28 29 30 31 32 33 34 35 36 37 38 39 40 41 42 43 44 45 46 47 48 49 50 51 52 53 54 55 56 57 58 59 60 61 62 63 64 65 66 67 68 69 70 71 72 73 74 75 76 77 78 79 80 81 82 83 84 85 86 87 88 89 90 91 92 93 94 95 96 97 98 99

cbench-automotive-susan:image-pgm-0001:smoothing with Fourier
speedup train: 1.068
speedup: 1.083
speedup optimal: 1.457
default runtime: 1.000e+00
best runtime: 9.229e-01
default flags: -O3
best flags: -O3 0 1 2 3 4 5 6 7 8 9 10 11 12 13 14 15 16 17 18 19 20 21 22 23 24 25 26 27 28 29 30 31 32 33 34 35 36 37 38 39 40 41 42 43 44 45 46 47 48 49 50 51 52 53 54 55 56 57 58 59 60 61 62 63 64 65 66 67 68 69 70 71 72 73 74 75 76 77 78 79 80 81 82 83 84 85 86 87 88 89 90 91 92 93 94 95 96 97 98 99

cbench-bzip2::encode with Fourier
speedup train: 0.962
speedup: 0.993
speedup optimal: 1.114
default runtime: 1.000e+00
best runtime: 1.007e+00
default flags: -O3
best flags: -O3 0 1 2 3 4 5 6 7 8 9 10 11 12 13 14 15 16 17 18 19 20 21 22 23 24 25 26 27 28 29 30 31 32 33 34 35 36 37 38 39 40 41 42 43 44 45 46 47 48 49 50 51 52 53 54 55 56 57 58 59 60 61 62 63 64 65 66 67 68 69 70 71 72 73 74 75 76 77 78 79 80 81 82 83 84 85 86 87 88 89 90 91 92 93 94 95 96 97 98 99

cbench-bzip2::decode with Fourier
speedup train: 1.013
speedup: 1.143
speedup optimal: 1.194
default runtime: 1.000e+00
best runtime: 8.749e-01
default flags: -O3
best flags: -O3 0 1 2 3 4 5 6 7 8 9 10 11 12 13 14 15 16 17 18 19 20 21 22 23 24 25 26 27 28 29 30 31 32 33 34 35 36 37 38 39 40 41 42 43 44 45 46 47 48 49 50 51 52 53 54 55 56 57 58 59 60 61 62 63 64 65 66 67 68 69 70 71 72 73 74 75 76 77 78 79 80 81 82 83 84 85 86 87 88 89 90 91 92 93 94 95 96 97 98 99

cbench-consumer-jpeg-c:image-ppm-0001: with Fourier
speedup train: 1.056
speedup: 1.095
speedup optimal: 1.326
default runtime: 1.000e+00
best runtime: 9.131e-01
default flags: -O3
best flags: -O3 0 1 2 3 4 5 6 7 8 9 10 11 12 13 14 15 16 17 18 19 20 21 22 23 24 25 26 27 28 29 30 31 32 33 34 35 36 37 38 39 40 41 42 43 44 45 46 47 48 49 50 51 52 53 54 55 56 57 58 59 60 61 62 63 64 65 66 67 68 69 70 71 72 73 74 75 76 77 78 79 80 81 82 83 84 85 86 87 88 89 90 91 92 93 94 95 96 97 98 99

cbench-consumer-jpeg-d:image-jpeg-0001: with Fourier
speedup train: 1.077
speedup: 1.254
speedup optimal: 1.398
default runtime: 1.000e+00
best runtime: 7.977e-01
default flags: -O3
best flags: -O3 0 1 2 3 4 5 6 7 8 9 10 11 12 13 14 15 16 17 18 19 20 21 22 23 24 25 26 27 28 29 30 31 32 33 34 35 36 37 38 39 40 41 42 43 44 45 46 47 48 49 50 51 52 53 54 55 56 57 58 59 60 61 62 63 64 65 66 67 68 69 70 71 72 73 74 75 76 77 78 79 80 81 82 83 84 85 86 87 88 89 90 91 92 93 94 95 96 97 98 99

cbench-consumer-lame:: with Fourier
speedup train: 1.134
speedup: 1.320
speedup optimal: 1.445
default runtime: 1.000e+00
best runtime: 7.574e-01
default flags: -O3
best flags: -O3 0 1 2 3 4 5 6 7 8 9 10 11 12 13 14 15 16 17 18 19 20 21 22 23 24 25 26 27 28 29 30 31 32 33 34 35 36 37 38 39 40 41 42 43 44 45 46 47 48 49 50 51 52 53 54 55 56 57 58 59 60 61 62 63 64 65 66 67 68 69 70 71 72 73 74 75 76 77 78 79 80 81 82 83 84 85 86 87 88 89 90 91 92 93 94 95 96 97 98 99

cbench-consumer-mad:: with Fourier
speedup train: 1.023
speedup: 1.072
speedup optimal: 1.190
default runtime: 1.000e+00
best runtime: 9.333e-01
default flags: -O3
best flags: -O3 0 1 2 3 4 5 6 7 8 9 10 11 12 13 14 15 16 17 18 19 20 21 22 23 24 25 26 27 28 29 30 31 32 33 34 35 36 37 38 39 40 41 42 43 44 45 46 47 48 49 50 51 52 53 54 55 56 57 58 59 60 61 62 63 64 65 66 67 68 69 70 71 72 73 74 75 76 77 78 79 80 81 82 83 84 85 86 87 88 89 90 91 92 93 94 95 96 97 98 99

cbench-consumer-tiff2bw:image-tiff-0001: with Fourier
speedup train: 1.017
speedup: 1.035
speedup optimal: 1.156
default runtime: 1.000e+00
best runtime: 9.666e-01
default flags: -O3
best flags: -O3 0 1 2 3 4 5 6 7 8 9 10 11 12 13 14 15 16 17 18 19 20 21 22 23 24 25 26 27 28 29 30 31 32 33 34 35 36 37 38 39 40 41 42 43 44 45 46 47 48 49 50 51 52 53 54 55 56 57 58 59 60 61 62 63 64 65 66 67 68 69 70 71 72 73 74 75 76 77 78 79 80 81 82 83 84 85 86 87 88 89 90 91 92 93 94 95 96 97 98 99

cbench-consumer-tiff2dither:image-tiff-0001-bw: with Fourier
speedup train: 1.098
speedup: 1.069
speedup optimal: 1.448
default runtime: 1.000e+00
best runtime: 9.351e-01
default flags: -O3
best flags: -O3 0 1 2 3 4 5 6 7 8 9 10 11 12 13 14 15 16 17 18 19 20 21 22 23 24 25 26 27 28 29 30 31 32 33 34 35 36 37 38 39 40 41 42 43 44 45 46 47 48 49 50 51 52 53 54 55 56 57 58 59 60 61 62 63 64 65 66 67 68 69 70 71 72 73 74 75 76 77 78 79 80 81 82 83 84 85 86 87 88 89 90 91 92 93 94 95 96 97 98 99

cbench-consumer-tiff2median:: with Fourier
speedup train: 1.036
speedup: 1.096
speedup optimal: 1.292
default runtime: 1.000e+00
best runtime: 9.125e-01
default flags: -O3
best flags: -O3 0 1 2 3 4 5 6 7 8 9 10 11 12 13 14 15 16 17 18 19 20 21 22 23 24 25 26 27 28 29 30 31 32 33 34 35 36 37 38 39 40 41 42 43 44 45 46 47 48 49 50 51 52 53 54 55 56 57 58 59 60 61 62 63 64 65 66 67 68 69 70 71 72 73 74 75 76 77 78 79 80 81 82 83 84 85 86 87 88 89 90 91 92 93 94 95 96 97 98 99

cbench-consumer-tiff2rgba:image-tiff-0001: with Fourier
speedup train: 1.035
speedup: 1.047
speedup optimal: 1.273
default runtime: 1.000e+00
best runtime: 9.551e-01
default flags: -O3
best flags: -O3 0 1 2 3 4 5 6 7 8 9 10 11 12 13 14 15 16 17 18 19 20 21 22 23 24 25 26 27 28 29 30 31 32 33 34 35 36 37 38 39 40 41 42 43 44 45 46 47 48 49 50 51 52 53 54 55 56 57 58 59 60 61 62 63 64 65 66 67 68 69 70 71 72 73 74 75 76 77 78 79 80 81 82 83 84 85 86 87 88 89 90 91 92 93 94 95 96 97 98 99

cbench-network-dijkstra:cdataset-dijkstra-0001: with Fourier
speedup train: 1.002
speedup: 1.000
speedup optimal: 1.202
default runtime: 1.000e+00
best runtime: 9.998e-01
default flags: -O3
best flags: -O3 0 1 2 3 4 5 6 7 8 9 10 11 12 13 14 15 16 17 18 19 20 21 22 23 24 25 26 27 28 29 30 31 32 33 34 35 36 37 38 39 40 41 42 43 44 45 46 47 48 49 50 51 52 53 54 55 56 57 58 59 60 61 62 63 64 65 66 67 68 69 70 71 72 73 74 75 76 77 78 79 80 81 82 83 84 85 86 87 88 89 90 91 92 93 94 95 96 97 98 99

cbench-network-patricia:cdataset-patricia-0001: with Fourier
speedup train: 1.064
speedup: 1.003
speedup optimal: 1.262
default runtime: 1.000e+00
best runtime: 9.973e-01
default flags: -O3
best flags: -O3 0 1 2 3 4 5 6 7 8 9 10 11 12 13 14 15 16 17 18 19 20 21 22 23 24 25 26 27 28 29 30 31 32 33 34 35 36 37 38 39 40 41 42 43 44 45 46 47 48 49 50 51 52 53 54 55 56 57 58 59 60 61 62 63 64 65 66 67 68 69 70 71 72 73 74 75 76 77 78 79 80 81 82 83 84 85 86 87 88 89 90 91 92 93 94 95 96 97 98 99

cbench-office-stringsearch2:: with Fourier
speedup train: 1.104
speedup: 1.151
speedup optimal: 1.450
default runtime: 1.000e+00
best runtime: 8.687e-01
default flags: -O3
best flags: -O3 0 1 2 3 4 5 6 7 8 9 10 11 12 13 14 15 16 17 18 19 20 21 22 23 24 25 26 27 28 29 30 31 32 33 34 35 36 37 38 39 40 41 42 43 44 45 46 47 48 49 50 51 52 53 54 55 56 57 58 59 60 61 62 63 64 65 66 67 68 69 70 71 72 73 74 75 76 77 78 79 80 81 82 83 84 85 86 87 88 89 90 91 92 93 94 95 96 97 98 99

cbench-security-blowfish:: with Fourier
speedup train: 1.251
speedup: 1.409
speedup optimal: 1.753
default runtime: 1.000e+00
best runtime: 7.095e-01
default flags: -O3
best flags: -O3 0 1 2 3 4 5 6 7 8 9 10 11 12 13 14 15 16 17 18 19 20 21 22 23 24 25 26 27 28 29 30 31 32 33 34 35 36 37 38 39 40 41 42 43 44 45 46 47 48 49 50 51 52 53 54 55 56 57 58 59 60 61 62 63 64 65 66 67 68 69 70 71 72 73 74 75 76 77 78 79 80 81 82 83 84 85 86 87 88 89 90 91 92 93 94 95 96 97 98 99

cbench-security-pgp:: with Fourier
speedup train: 1.045
speedup: 1.107
speedup optimal: 1.328
default runtime: 1.000e+00
best runtime: 9.033e-01
default flags: -O3
best flags: -O3 0 1 2 3 4 5 6 7 8 9 10 11 12 13 14 15 16 17 18 19 20 21 22 23 24 25 26 27 28 29 30 31 32 33 34 35 36 37 38 39 40 41 42 43 44 45 46 47 48 49 50 51 52 53 54 55 56 57 58 59 60 61 62 63 64 65 66 67 68 69 70 71 72 73 74 75 76 77 78 79 80 81 82 83 84 85 86 87 88 89 90 91 92 93 94 95 96 97 98 99

cbench-security-rijndael:: with Fourier
speedup train: 1.051
speedup: 0.926
speedup optimal: 1.148
default runtime: 1.000e+00
best runtime: 1.080e+00
default flags: -O3
best flags: -O3 0 1 2 3 4 5 6 7 8 9 10 11 12 13 14 15 16 17 18 19 20 21 22 23 24 25 26 27 28 29 30 31 32 33 34 35 36 37 38 39 40 41 42 43 44 45 46 47 48 49 50 51 52 53 54 55 56 57 58 59 60 61 62 63 64 65 66 67 68 69 70 71 72 73 74 75 76 77 78 79 80 81 82 83 84 85 86 87 88 89 90 91 92 93 94 95 96 97 98 99

cbench-security-sha:: with Fourier
speedup train: 1.010
speedup: 1.073
speedup optimal: 1.164
default runtime: 1.000e+00
best runtime: 9.321e-01
default flags: -O3
best flags: -O3 0 1 2 3 4 5 6 7 8 9 10 11 12 13 14 15 16 17 18 19 20 21 22 23 24 25 26 27 28 29 30 31 32 33 34 35 36 37 38 39 40 41 42 43 44 45 46 47 48 49 50 51 52 53 54 55 56 57 58 59 60 61 62 63 64 65 66 67 68 69 70 71 72 73 74 75 76 77 78 79 80 81 82 83 84 85 86 87 88 89 90 91 92 93 94 95 96 97 98 99

cbench-telecom-adpcm-c:pcm-0001: with Fourier
speedup train: 0.993
speedup: 0.968
speedup optimal: 1.160
default runtime: 1.000e+00
best runtime: 1.033e+00
default flags: -O3
best flags: -O3 0 1 2 3 4 5 6 7 8 9 10 11 12 13 14 15 16 17 18 19 20 21 22 23 24 25 26 27 28 29 30 31 32 33 34 35 36 37 38 39 40 41 42 43 44 45 46 47 48 49 50 51 52 53 54 55 56 57 58 59 60 61 62 63 64 65 66 67 68 69 70 71 72 73 74 75 76 77 78 79 80 81 82 83 84 85 86 87 88 89 90 91 92 93 94 95 96 97 98 99

cbench-telecom-adpcm-d:adpcm-0001: with Fourier
speedup train: 1.042
speedup: 1.105
speedup optimal: 1.218
default runtime: 1.000e+00
best runtime: 9.050e-01
default flags: -O3
best flags: -O3 0 1 2 3 4 5 6 7 8 9 10 11 12 13 14 15 16 17 18 19 20 21 22 23 24 25 26 27 28 29 30 31 32 33 34 35 36 37 38 39 40 41 42 43 44 45 46 47 48 49 50 51 52 53 54 55 56 57 58 59 60 61 62 63 64 65 66 67 68 69 70 71 72 73 74 75 76 77 78 79 80 81 82 83 84 85 86 87 88 89 90 91 92 93 94 95 96 97 98 99

cbench-telecom-crc32:pcm-0001: with Fourier
speedup train: 1.065
speedup: 1.110
speedup optimal: 1.244
default runtime: 1.000e+00
best runtime: 9.007e-01
default flags: -O3
best flags: -O3 0 1 2 3 4 5 6 7 8 9 10 11 12 13 14 15 16 17 18 19 20 21 22 23 24 25 26 27 28 29 30 31 32 33 34 35 36 37 38 39 40 41 42 43 44 45 46 47 48 49 50 51 52 53 54 55 56 57 58 59 60 61 62 63 64 65 66 67 68 69 70 71 72 73 74 75 76 77 78 79 80 81 82 83 84 85 86 87 88 89 90 91 92 93 94 95 96 97 98 99

cbench-telecom-gsm:au-0001: with Fourier
speedup train: 1.074
speedup: 1.304
speedup optimal: 1.450
default runtime: 1.000e+00
best runtime: 7.671e-01
default flags: -O3
best flags: -O3 0 1 2 3 4 5 6 7 8 9 10 11 12 13 14 15 16 17 18 19 20 21 22 23 24 25 26 27 28 29 30 31 32 33 34 35 36 37 38 39 40 41 42 43 44 45 46 47 48 49 50 51 52 53 54 55 56 57 58 59 60 61 62 63 64 65 66 67 68 69 70 71 72 73 74 75 76 77 78 79 80 81 82 83 84 85 86 87 88 89 90 91 92 93 94 95 96 97 98 99
