search space size: 110
budget: 600

avgpool-armcl-opencl:: with Fourier
speedup train: 1.028
speedup: 1.112
speedup optimal: 1.138
default runtime: 1.000e+00
best runtime: 8.992e-01
default flags: -O3
best flags: -O3 0 1 2 3 4 5 6 7 8 9 10 11 12 13 14 15 16 17 18 19 20 21 22 23 24 25 26 27 28 29 30 31 32 33 34 35 36 37 38 39 40 41 42 43 44 45 46 47 48 49 50 51 52 53 54 55 56 57 58 59 60 61 62 63 64 65 66 67 68 69 70 71 72 73 74 75 76 77 78 79 80 81 82 83 84 85 86 87 88 89 90 91 92 93 94 95 96 97 98 99 100 101 102 103 104 105 106 107 108 109

avgpool-armcl-opencl-uint8:: with Fourier
speedup train: 1.087
speedup: 1.254
speedup optimal: 1.585
default runtime: 1.000e+00
best runtime: 7.976e-01
default flags: -O3
best flags: -O3 0 1 2 3 4 5 6 7 8 9 10 11 12 13 14 15 16 17 18 19 20 21 22 23 24 25 26 27 28 29 30 31 32 33 34 35 36 37 38 39 40 41 42 43 44 45 46 47 48 49 50 51 52 53 54 55 56 57 58 59 60 61 62 63 64 65 66 67 68 69 70 71 72 73 74 75 76 77 78 79 80 81 82 83 84 85 86 87 88 89 90 91 92 93 94 95 96 97 98 99 100 101 102 103 104 105 106 107 108 109

avgpool-caffe-cpu:: with Fourier
speedup train: 1.071
speedup: 1.293
speedup optimal: 1.363
default runtime: 1.000e+00
best runtime: 7.734e-01
default flags: -O3
best flags: -O3 0 1 2 3 4 5 6 7 8 9 10 11 12 13 14 15 16 17 18 19 20 21 22 23 24 25 26 27 28 29 30 31 32 33 34 35 36 37 38 39 40 41 42 43 44 45 46 47 48 49 50 51 52 53 54 55 56 57 58 59 60 61 62 63 64 65 66 67 68 69 70 71 72 73 74 75 76 77 78 79 80 81 82 83 84 85 86 87 88 89 90 91 92 93 94 95 96 97 98 99 100 101 102 103 104 105 106 107 108 109

avgpool-caffe-opencl:: with Fourier
speedup train: 1.132
speedup: 1.452
speedup optimal: 1.613
default runtime: 1.000e+00
best runtime: 6.885e-01
default flags: -O3
best flags: -O3 0 1 2 3 4 5 6 7 8 9 10 11 12 13 14 15 16 17 18 19 20 21 22 23 24 25 26 27 28 29 30 31 32 33 34 35 36 37 38 39 40 41 42 43 44 45 46 47 48 49 50 51 52 53 54 55 56 57 58 59 60 61 62 63 64 65 66 67 68 69 70 71 72 73 74 75 76 77 78 79 80 81 82 83 84 85 86 87 88 89 90 91 92 93 94 95 96 97 98 99 100 101 102 103 104 105 106 107 108 109

avgpool-tensorflow-cpu:: with Fourier
speedup train: 1.048
speedup: 1.187
speedup optimal: 1.259
default runtime: 1.000e+00
best runtime: 8.425e-01
default flags: -O3
best flags: -O3 0 1 2 3 4 5 6 7 8 9 10 11 12 13 14 15 16 17 18 19 20 21 22 23 24 25 26 27 28 29 30 31 32 33 34 35 36 37 38 39 40 41 42 43 44 45 46 47 48 49 50 51 52 53 54 55 56 57 58 59 60 61 62 63 64 65 66 67 68 69 70 71 72 73 74 75 76 77 78 79 80 81 82 83 84 85 86 87 88 89 90 91 92 93 94 95 96 97 98 99 100 101 102 103 104 105 106 107 108 109

avgpool-tensorflow-cpu-uint8:: with Fourier
speedup train: 1.095
speedup: 1.242
speedup optimal: 1.408
default runtime: 1.000e+00
best runtime: 8.054e-01
default flags: -O3
best flags: -O3 0 1 2 3 4 5 6 7 8 9 10 11 12 13 14 15 16 17 18 19 20 21 22 23 24 25 26 27 28 29 30 31 32 33 34 35 36 37 38 39 40 41 42 43 44 45 46 47 48 49 50 51 52 53 54 55 56 57 58 59 60 61 62 63 64 65 66 67 68 69 70 71 72 73 74 75 76 77 78 79 80 81 82 83 84 85 86 87 88 89 90 91 92 93 94 95 96 97 98 99 100 101 102 103 104 105 106 107 108 109

cbench-automotive-bitcount:number-0001: with Fourier
speedup train: 1.014
speedup: 1.172
speedup optimal: 1.186
default runtime: 1.000e+00
best runtime: 8.534e-01
default flags: -O3
best flags: -O3 0 1 2 3 4 5 6 7 8 9 10 11 12 13 14 15 16 17 18 19 20 21 22 23 24 25 26 27 28 29 30 31 32 33 34 35 36 37 38 39 40 41 42 43 44 45 46 47 48 49 50 51 52 53 54 55 56 57 58 59 60 61 62 63 64 65 66 67 68 69 70 71 72 73 74 75 76 77 78 79 80 81 82 83 84 85 86 87 88 89 90 91 92 93 94 95 96 97 98 99 100 101 102 103 104 105 106 107 108 109

cbench-automotive-qsort1:cdataset-qsort-0001: with Fourier
speedup train: 1.039
speedup: 1.129
speedup optimal: 1.275
default runtime: 1.000e+00
best runtime: 8.859e-01
default flags: -O3
best flags: -O3 0 1 2 3 4 5 6 7 8 9 10 11 12 13 14 15 16 17 18 19 20 21 22 23 24 25 26 27 28 29 30 31 32 33 34 35 36 37 38 39 40 41 42 43 44 45 46 47 48 49 50 51 52 53 54 55 56 57 58 59 60 61 62 63 64 65 66 67 68 69 70 71 72 73 74 75 76 77 78 79 80 81 82 83 84 85 86 87 88 89 90 91 92 93 94 95 96 97 98 99 100 101 102 103 104 105 106 107 108 109

cbench-automotive-susan:image-pgm-0001:corners with Fourier
speedup train: 1.057
speedup: 1.099
speedup optimal: 1.220
default runtime: 1.000e+00
best runtime: 9.099e-01
default flags: -O3
best flags: -O3 0 1 2 3 4 5 6 7 8 9 10 11 12 13 14 15 16 17 18 19 20 21 22 23 24 25 26 27 28 29 30 31 32 33 34 35 36 37 38 39 40 41 42 43 44 45 46 47 48 49 50 51 52 53 54 55 56 57 58 59 60 61 62 63 64 65 66 67 68 69 70 71 72 73 74 75 76 77 78 79 80 81 82 83 84 85 86 87 88 89 90 91 92 93 94 95 96 97 98 99 100 101 102 103 104 105 106 107 108 109

cbench-automotive-susan:image-pgm-0001:edges with Fourier
speedup train: 1.036
speedup: 1.146
speedup optimal: 1.213
default runtime: 1.000e+00
best runtime: 8.723e-01
default flags: -O3
best flags: -O3 0 1 2 3 4 5 6 7 8 9 10 11 12 13 14 15 16 17 18 19 20 21 22 23 24 25 26 27 28 29 30 31 32 33 34 35 36 37 38 39 40 41 42 43 44 45 46 47 48 49 50 51 52 53 54 55 56 57 58 59 60 61 62 63 64 65 66 67 68 69 70 71 72 73 74 75 76 77 78 79 80 81 82 83 84 85 86 87 88 89 90 91 92 93 94 95 96 97 98 99 100 101 102 103 104 105 106 107 108 109

cbench-automotive-susan:image-pgm-0001:smoothing with Fourier
speedup train: 1.220
speedup: 1.547
speedup optimal: 1.785
default runtime: 1.000e+00
best runtime: 6.464e-01
default flags: -O3
best flags: -O3 0 1 2 3 4 5 6 7 8 9 10 11 12 13 14 15 16 17 18 19 20 21 22 23 24 25 26 27 28 29 30 31 32 33 34 35 36 37 38 39 40 41 42 43 44 45 46 47 48 49 50 51 52 53 54 55 56 57 58 59 60 61 62 63 64 65 66 67 68 69 70 71 72 73 74 75 76 77 78 79 80 81 82 83 84 85 86 87 88 89 90 91 92 93 94 95 96 97 98 99 100 101 102 103 104 105 106 107 108 109

cbench-bzip2::encode with Fourier
speedup train: 1.015
speedup: 1.178
speedup optimal: 1.274
default runtime: 1.000e+00
best runtime: 8.486e-01
default flags: -O3
best flags: -O3 0 1 2 3 4 5 6 7 8 9 10 11 12 13 14 15 16 17 18 19 20 21 22 23 24 25 26 27 28 29 30 31 32 33 34 35 36 37 38 39 40 41 42 43 44 45 46 47 48 49 50 51 52 53 54 55 56 57 58 59 60 61 62 63 64 65 66 67 68 69 70 71 72 73 74 75 76 77 78 79 80 81 82 83 84 85 86 87 88 89 90 91 92 93 94 95 96 97 98 99 100 101 102 103 104 105 106 107 108 109

cbench-bzip2::decode with Fourier
speedup train: 1.030
speedup: 1.159
speedup optimal: 1.333
default runtime: 1.000e+00
best runtime: 8.627e-01
default flags: -O3
best flags: -O3 0 1 2 3 4 5 6 7 8 9 10 11 12 13 14 15 16 17 18 19 20 21 22 23 24 25 26 27 28 29 30 31 32 33 34 35 36 37 38 39 40 41 42 43 44 45 46 47 48 49 50 51 52 53 54 55 56 57 58 59 60 61 62 63 64 65 66 67 68 69 70 71 72 73 74 75 76 77 78 79 80 81 82 83 84 85 86 87 88 89 90 91 92 93 94 95 96 97 98 99 100 101 102 103 104 105 106 107 108 109

cbench-consumer-jpeg-c:image-ppm-0001: with Fourier
speedup train: 1.179
speedup: 1.480
speedup optimal: 1.531
default runtime: 1.000e+00
best runtime: 6.757e-01
default flags: -O3
best flags: -O3 0 1 2 3 4 5 6 7 8 9 10 11 12 13 14 15 16 17 18 19 20 21 22 23 24 25 26 27 28 29 30 31 32 33 34 35 36 37 38 39 40 41 42 43 44 45 46 47 48 49 50 51 52 53 54 55 56 57 58 59 60 61 62 63 64 65 66 67 68 69 70 71 72 73 74 75 76 77 78 79 80 81 82 83 84 85 86 87 88 89 90 91 92 93 94 95 96 97 98 99 100 101 102 103 104 105 106 107 108 109

cbench-consumer-jpeg-d:image-jpeg-0001: with Fourier
speedup train: 1.067
speedup: 1.110
speedup optimal: 1.232
default runtime: 1.000e+00
best runtime: 9.009e-01
default flags: -O3
best flags: -O3 0 1 2 3 4 5 6 7 8 9 10 11 12 13 14 15 16 17 18 19 20 21 22 23 24 25 26 27 28 29 30 31 32 33 34 35 36 37 38 39 40 41 42 43 44 45 46 47 48 49 50 51 52 53 54 55 56 57 58 59 60 61 62 63 64 65 66 67 68 69 70 71 72 73 74 75 76 77 78 79 80 81 82 83 84 85 86 87 88 89 90 91 92 93 94 95 96 97 98 99 100 101 102 103 104 105 106 107 108 109

cbench-consumer-lame:: with Fourier
speedup train: 1.214
speedup: 1.618
speedup optimal: 1.784
default runtime: 1.000e+00
best runtime: 6.180e-01
default flags: -O3
best flags: -O3 0 1 2 3 4 5 6 7 8 9 10 11 12 13 14 15 16 17 18 19 20 21 22 23 24 25 26 27 28 29 30 31 32 33 34 35 36 37 38 39 40 41 42 43 44 45 46 47 48 49 50 51 52 53 54 55 56 57 58 59 60 61 62 63 64 65 66 67 68 69 70 71 72 73 74 75 76 77 78 79 80 81 82 83 84 85 86 87 88 89 90 91 92 93 94 95 96 97 98 99 100 101 102 103 104 105 106 107 108 109

cbench-consumer-mad:: with Fourier
speedup train: 1.048
speedup: 1.368
speedup optimal: 1.456
default runtime: 1.000e+00
best runtime: 7.313e-01
default flags: -O3
best flags: -O3 0 1 2 3 4 5 6 7 8 9 10 11 12 13 14 15 16 17 18 19 20 21 22 23 24 25 26 27 28 29 30 31 32 33 34 35 36 37 38 39 40 41 42 43 44 45 46 47 48 49 50 51 52 53 54 55 56 57 58 59 60 61 62 63 64 65 66 67 68 69 70 71 72 73 74 75 76 77 78 79 80 81 82 83 84 85 86 87 88 89 90 91 92 93 94 95 96 97 98 99 100 101 102 103 104 105 106 107 108 109

cbench-consumer-tiff2bw:image-tiff-0001: with Fourier
speedup train: 1.129
speedup: 1.224
speedup optimal: 1.250
default runtime: 1.000e+00
best runtime: 8.169e-01
default flags: -O3
best flags: -O3 0 1 2 3 4 5 6 7 8 9 10 11 12 13 14 15 16 17 18 19 20 21 22 23 24 25 26 27 28 29 30 31 32 33 34 35 36 37 38 39 40 41 42 43 44 45 46 47 48 49 50 51 52 53 54 55 56 57 58 59 60 61 62 63 64 65 66 67 68 69 70 71 72 73 74 75 76 77 78 79 80 81 82 83 84 85 86 87 88 89 90 91 92 93 94 95 96 97 98 99 100 101 102 103 104 105 106 107 108 109

cbench-consumer-tiff2dither:image-tiff-0001-bw: with Fourier
speedup train: 1.124
speedup: 1.346
speedup optimal: 1.615
default runtime: 1.000e+00
best runtime: 7.430e-01
default flags: -O3
best flags: -O3 0 1 2 3 4 5 6 7 8 9 10 11 12 13 14 15 16 17 18 19 20 21 22 23 24 25 26 27 28 29 30 31 32 33 34 35 36 37 38 39 40 41 42 43 44 45 46 47 48 49 50 51 52 53 54 55 56 57 58 59 60 61 62 63 64 65 66 67 68 69 70 71 72 73 74 75 76 77 78 79 80 81 82 83 84 85 86 87 88 89 90 91 92 93 94 95 96 97 98 99 100 101 102 103 104 105 106 107 108 109

cbench-consumer-tiff2median:: with Fourier
speedup train: 1.132
speedup: 1.338
speedup optimal: 1.491
default runtime: 1.000e+00
best runtime: 7.473e-01
default flags: -O3
best flags: -O3 0 1 2 3 4 5 6 7 8 9 10 11 12 13 14 15 16 17 18 19 20 21 22 23 24 25 26 27 28 29 30 31 32 33 34 35 36 37 38 39 40 41 42 43 44 45 46 47 48 49 50 51 52 53 54 55 56 57 58 59 60 61 62 63 64 65 66 67 68 69 70 71 72 73 74 75 76 77 78 79 80 81 82 83 84 85 86 87 88 89 90 91 92 93 94 95 96 97 98 99 100 101 102 103 104 105 106 107 108 109

cbench-consumer-tiff2rgba:image-tiff-0001: with Fourier
speedup train: 1.097
speedup: 1.071
speedup optimal: 1.164
default runtime: 1.000e+00
best runtime: 9.338e-01
default flags: -O3
best flags: -O3 0 1 2 3 4 5 6 7 8 9 10 11 12 13 14 15 16 17 18 19 20 21 22 23 24 25 26 27 28 29 30 31 32 33 34 35 36 37 38 39 40 41 42 43 44 45 46 47 48 49 50 51 52 53 54 55 56 57 58 59 60 61 62 63 64 65 66 67 68 69 70 71 72 73 74 75 76 77 78 79 80 81 82 83 84 85 86 87 88 89 90 91 92 93 94 95 96 97 98 99 100 101 102 103 104 105 106 107 108 109

cbench-network-dijkstra:cdataset-dijkstra-0001: with Fourier
speedup train: 1.073
speedup: 1.244
speedup optimal: 1.343
default runtime: 1.000e+00
best runtime: 8.040e-01
default flags: -O3
best flags: -O3 0 1 2 3 4 5 6 7 8 9 10 11 12 13 14 15 16 17 18 19 20 21 22 23 24 25 26 27 28 29 30 31 32 33 34 35 36 37 38 39 40 41 42 43 44 45 46 47 48 49 50 51 52 53 54 55 56 57 58 59 60 61 62 63 64 65 66 67 68 69 70 71 72 73 74 75 76 77 78 79 80 81 82 83 84 85 86 87 88 89 90 91 92 93 94 95 96 97 98 99 100 101 102 103 104 105 106 107 108 109

cbench-network-patricia:cdataset-patricia-0001: with Fourier
speedup train: 0.995
speedup: 1.057
speedup optimal: 1.142
default runtime: 1.000e+00
best runtime: 9.457e-01
default flags: -O3
best flags: -O3 0 1 2 3 4 5 6 7 8 9 10 11 12 13 14 15 16 17 18 19 20 21 22 23 24 25 26 27 28 29 30 31 32 33 34 35 36 37 38 39 40 41 42 43 44 45 46 47 48 49 50 51 52 53 54 55 56 57 58 59 60 61 62 63 64 65 66 67 68 69 70 71 72 73 74 75 76 77 78 79 80 81 82 83 84 85 86 87 88 89 90 91 92 93 94 95 96 97 98 99 100 101 102 103 104 105 106 107 108 109

cbench-office-stringsearch2:: with Fourier
speedup train: 1.052
speedup: 1.211
speedup optimal: 1.314
default runtime: 1.000e+00
best runtime: 8.259e-01
default flags: -O3
best flags: -O3 0 1 2 3 4 5 6 7 8 9 10 11 12 13 14 15 16 17 18 19 20 21 22 23 24 25 26 27 28 29 30 31 32 33 34 35 36 37 38 39 40 41 42 43 44 45 46 47 48 49 50 51 52 53 54 55 56 57 58 59 60 61 62 63 64 65 66 67 68 69 70 71 72 73 74 75 76 77 78 79 80 81 82 83 84 85 86 87 88 89 90 91 92 93 94 95 96 97 98 99 100 101 102 103 104 105 106 107 108 109

cbench-security-blowfish:: with Fourier
speedup train: 1.154
speedup: 1.244
speedup optimal: 1.322
default runtime: 1.000e+00
best runtime: 8.037e-01
default flags: -O3
best flags: -O3 0 1 2 3 4 5 6 7 8 9 10 11 12 13 14 15 16 17 18 19 20 21 22 23 24 25 26 27 28 29 30 31 32 33 34 35 36 37 38 39 40 41 42 43 44 45 46 47 48 49 50 51 52 53 54 55 56 57 58 59 60 61 62 63 64 65 66 67 68 69 70 71 72 73 74 75 76 77 78 79 80 81 82 83 84 85 86 87 88 89 90 91 92 93 94 95 96 97 98 99 100 101 102 103 104 105 106 107 108 109

cbench-security-pgp:: with Fourier
speedup train: 1.080
speedup: 1.093
speedup optimal: 1.252
default runtime: 1.000e+00
best runtime: 9.150e-01
default flags: -O3
best flags: -O3 0 1 2 3 4 5 6 7 8 9 10 11 12 13 14 15 16 17 18 19 20 21 22 23 24 25 26 27 28 29 30 31 32 33 34 35 36 37 38 39 40 41 42 43 44 45 46 47 48 49 50 51 52 53 54 55 56 57 58 59 60 61 62 63 64 65 66 67 68 69 70 71 72 73 74 75 76 77 78 79 80 81 82 83 84 85 86 87 88 89 90 91 92 93 94 95 96 97 98 99 100 101 102 103 104 105 106 107 108 109

cbench-security-rijndael:: with Fourier
speedup train: 1.075
speedup: 1.207
speedup optimal: 1.296
default runtime: 1.000e+00
best runtime: 8.286e-01
default flags: -O3
best flags: -O3 0 1 2 3 4 5 6 7 8 9 10 11 12 13 14 15 16 17 18 19 20 21 22 23 24 25 26 27 28 29 30 31 32 33 34 35 36 37 38 39 40 41 42 43 44 45 46 47 48 49 50 51 52 53 54 55 56 57 58 59 60 61 62 63 64 65 66 67 68 69 70 71 72 73 74 75 76 77 78 79 80 81 82 83 84 85 86 87 88 89 90 91 92 93 94 95 96 97 98 99 100 101 102 103 104 105 106 107 108 109

cbench-security-sha:: with Fourier
speedup train: 1.038
speedup: 1.100
speedup optimal: 1.144
default runtime: 1.000e+00
best runtime: 9.087e-01
default flags: -O3
best flags: -O3 0 1 2 3 4 5 6 7 8 9 10 11 12 13 14 15 16 17 18 19 20 21 22 23 24 25 26 27 28 29 30 31 32 33 34 35 36 37 38 39 40 41 42 43 44 45 46 47 48 49 50 51 52 53 54 55 56 57 58 59 60 61 62 63 64 65 66 67 68 69 70 71 72 73 74 75 76 77 78 79 80 81 82 83 84 85 86 87 88 89 90 91 92 93 94 95 96 97 98 99 100 101 102 103 104 105 106 107 108 109

cbench-telecom-adpcm-c:pcm-0001: with Fourier
speedup train: 1.031
speedup: 1.088
speedup optimal: 1.217
default runtime: 1.000e+00
best runtime: 9.187e-01
default flags: -O3
best flags: -O3 0 1 2 3 4 5 6 7 8 9 10 11 12 13 14 15 16 17 18 19 20 21 22 23 24 25 26 27 28 29 30 31 32 33 34 35 36 37 38 39 40 41 42 43 44 45 46 47 48 49 50 51 52 53 54 55 56 57 58 59 60 61 62 63 64 65 66 67 68 69 70 71 72 73 74 75 76 77 78 79 80 81 82 83 84 85 86 87 88 89 90 91 92 93 94 95 96 97 98 99 100 101 102 103 104 105 106 107 108 109

cbench-telecom-adpcm-d:adpcm-0001: with Fourier
speedup train: 1.042
speedup: 1.085
speedup optimal: 1.208
default runtime: 1.000e+00
best runtime: 9.216e-01
default flags: -O3
best flags: -O3 0 1 2 3 4 5 6 7 8 9 10 11 12 13 14 15 16 17 18 19 20 21 22 23 24 25 26 27 28 29 30 31 32 33 34 35 36 37 38 39 40 41 42 43 44 45 46 47 48 49 50 51 52 53 54 55 56 57 58 59 60 61 62 63 64 65 66 67 68 69 70 71 72 73 74 75 76 77 78 79 80 81 82 83 84 85 86 87 88 89 90 91 92 93 94 95 96 97 98 99 100 101 102 103 104 105 106 107 108 109

cbench-telecom-crc32:pcm-0001: with Fourier
speedup train: 1.094
speedup: 1.142
speedup optimal: 1.255
default runtime: 1.000e+00
best runtime: 8.758e-01
default flags: -O3
best flags: -O3 0 1 2 3 4 5 6 7 8 9 10 11 12 13 14 15 16 17 18 19 20 21 22 23 24 25 26 27 28 29 30 31 32 33 34 35 36 37 38 39 40 41 42 43 44 45 46 47 48 49 50 51 52 53 54 55 56 57 58 59 60 61 62 63 64 65 66 67 68 69 70 71 72 73 74 75 76 77 78 79 80 81 82 83 84 85 86 87 88 89 90 91 92 93 94 95 96 97 98 99 100 101 102 103 104 105 106 107 108 109

cbench-telecom-gsm:au-0001: with Fourier
speedup train: 1.143
speedup: 1.262
speedup optimal: 1.291
default runtime: 1.000e+00
best runtime: 7.921e-01
default flags: -O3
best flags: -O3 0 1 2 3 4 5 6 7 8 9 10 11 12 13 14 15 16 17 18 19 20 21 22 23 24 25 26 27 28 29 30 31 32 33 34 35 36 37 38 39 40 41 42 43 44 45 46 47 48 49 50 51 52 53 54 55 56 57 58 59 60 61 62 63 64 65 66 67 68 69 70 71 72 73 74 75 76 77 78 79 80 81 82 83 84 85 86 87 88 89 90 91 92 93 94 95 96 97 98 99 100 101 102 103 104 105 106 107 108 109
