search space size: 100
budget: 100

avgpool-armcl-opencl:: with Fourier
speedup train: 1.010
speedup: 1.010
speedup optimal: 1.287
default runtime: 1.000e+00
best runtime: 9.901e-01
default flags: -O3
best flags: -O3 0 1 2 3 4 5 6 7 8 9 10 11 12 13 14 15 16 17 18 19 20 21 22 23 24 25 26 27 28 29 30 31 32 33 34 35 36 37 38 39 40 41 42 43 44 45 46 47 48 49 50 51 52 53 54 55 56 57 58 59 60 61 62 63 64 65 66 67 68 69 70 71 72 73 74 75 76 77 78 79 80 81 82 83 84 85 86 87 88 89 90 91 92 93 94 95 96 97 98 99

avgpool-armcl-opencl-uint8:: with Fourier
speedup train: 1.045
speedup: 1.058
speedup optimal: 1.417
default runtime: 1.000e+00
best runtime: 9.456e-01
default flags: -O3
best flags: -O3 0 1 2 3 4 5 6 7 8 9 10 11 12 13 14 15 16 17 18 19 20 21 22 23 24 25 26 27 28 29 30 31 32 33 34 35 36 37 38 39 40 41 42 43 44 45 46 47 48 49 50 51 52 53 54 55 56 57 58 59 60 61 62 63 64 65 66 67 68 69 70 71 72 73 74 75 76 77 78 79 80 81 82 83 84 85 86 87 88 89 90 91 92 93 94 95 96 97 98 99

avgpool-caffe-cpu:: with Fourier
speedup train: 0.997
speedup: 1.012
speedup optimal: 1.289
default runtime: 1.000e+00
best runtime: 9.880e-01
default flags: -O3
best flags: -O3 0 1 2 3 4 5 6 7 8 9 10 11 12 13 14 15 16 17 18 19 20 21 22 23 24 25 26 27 28 29 30 31 32 33 34 35 36 37 38 39 40 41 42 43 44 45 46 47 48 49 50 51 52 53 54 55 56 57 58 59 60 61 62 63 64 65 66 67 68 69 70 71 72 73 74 75 76 77 78 79 80 81 82 83 84 85 86 87 88 89 90 91 92 93 94 95 96 97 98 99

avgpool-caffe-opencl:: with Fourier
speedup train: 1.012
speedup: 1.020
speedup optimal: 1.309
default runtime: 1.000e+00
best runtime: 9.801e-01
default flags: -O3
best flags: -O3 0 1 2 3 4 5 6 7 8 9 10 11 12 13 14 15 16 17 18 19 20 21 22 23 24 25 26 27 28 29 30 31 32 33 34 35 36 37 38 39 40 41 42 43 44 45 46 47 48 49 50 51 52 53 54 55 56 57 58 59 60 61 62 63 64 65 66 67 68 69 70 71 72 73 74 75 76 77 78 79 80 81 82 83 84 85 86 87 88 89 90 91 92 93 94 95 96 97 98 99

avgpool-tensorflow-cpu:: with Fourier
speedup train: 1.027
speedup: 0.970
speedup optimal: 1.652
default runtime: 1.000e+00
best runtime: 1.031e+00
default flags: -O3
best flags: -O3 0 1 2 3 4 5 6 7 8 9 10 11 12 13 14 15 16 17 18 19 20 21 22 23 24 25 26 27 28 29 30 31 32 33 34 35 36 37 38 39 40 41 42 43 44 45 46 47 48 49 50 51 52 53 54 55 56 57 58 59 60 61 62 63 64 65 66 67 68 69 70 71 72 73 74 75 76 77 78 79 80 81 82 83 84 85 86 87 88 89 90 91 92 93 94 95 96 97 98 99

avgpool-tensorflow-cpu-uint8:: with Fourier
speedup train: 1.105
speedup: 1.064
speedup optimal: 1.234
default runtime: 1.000e+00
best runtime: 9.395e-01
default flags: -O3
best flags: -O3 0 1 2 3 4 5 6 7 8 9 10 11 12 13 14 15 16 17 18 19 20 21 22 23 24 25 26 27 28 29 30 31 32 33 34 35 36 37 38 39 40 41 42 43 44 45 46 47 48 49 50 51 52 53 54 55 56 57 58 59 60 61 62 63 64 65 66 67 68 69 70 71 72 73 74 75 76 77 78 79 80 81 82 83 84 85 86 87 88 89 90 91 92 93 94 95 96 97 98 99

cbench-automotive-bitcount:number-0001: with Fourier
speedup train: 0.969
speedup: 1.000
speedup optimal: 1.165
default runtime: 1.000e+00
best runtime: 9.998e-01
default flags: -O3
best flags: -O3 0 1 2 3 4 5 6 7 8 9 10 11 12 13 14 15 16 17 18 19 20 21 22 23 24 25 26 27 28 29 30 31 32 33 34 35 36 37 38 39 40 41 42 43 44 45 46 47 48 49 50 51 52 53 54 55 56 57 58 59 60 61 62 63 64 65 66 67 68 69 70 71 72 73 74 75 76 77 78 79 80 81 82 83 84 85 86 87 88 89 90 91 92 93 94 95 96 97 98 99

cbench-automotive-qsort1:cdataset-qsort-0001: with Fourier
speedup train: 0.998
speedup: 1.007
speedup optimal: 1.265
default runtime: 1.000e+00
best runtime: 9.931e-01
default flags: -O3
best flags: -O3 0 1 2 3 4 5 6 7 8 9 10 11 12 13 14 15 16 17 18 19 20 21 22 23 24 25 26 27 28 29 30 31 32 33 34 35 36 37 38 39 40 41 42 43 44 45 46 47 48 49 50 51 52 53 54 55 56 57 58 59 60 61 62 63 64 65 66 67 68 69 70 71 72 73 74 75 76 77 78 79 80 81 82 83 84 85 86 87 88 89 90 91 92 93 94 95 96 97 98 99

cbench-automotive-susan:image-pgm-0001:corners with Fourier
speedup train: 1.067
speedup: 1.090
speedup optimal: 1.450
default runtime: 1.000e+00
best runtime: 9.177e-01
default flags: -O3
best flags: -O3 0 1 2 3 4 5 6 7 8 9 10 11 12 13 14 15 16 17 18 19 20 21 22 23 24 25 26 27 28 29 30 31 32 33 34 35 36 37 38 39 40 41 42 43 44 45 46 47 48 49 50 51 52 53 54 55 56 57 58 59 60 61 62 63 64 65 66 67 68 69 70 71 72 73 74 75 76 77 78 79 80 81 82 83 84 85 86 87 88 89 90 91 92 93 94 95 96 97 98 99

cbench-automotive-susan:image-pgm-0001:edges with Fourier
speedup train: 1.085
speedup: 1.006
speedup optimal: 1.451
default runtime: 1.000e+00
best runtime: 9.945e-01
default flags: -O3
best flags: -O3 0 1 2 3 4 5 6 7 8 9 10 11 12 13 14 15 16 17 18 19 20 21 22 23 24 25 26 27 28 29 30 31 32 33 34 35 36 37 38 39 40 41 42 43 44 45 46 47 48 49 50 51 52 53 54 55 56 57 58 59 60 61 62 63 64 65 66 67 68 69 70 71 72 73 74 75 76 77 78 79 80 81 82 83 84 85 86 87 88 89 90 91 92 93 94 95 96 97 98 99

cbench-automotive-susan:image-pgm-0001:smoothing with Fourier
speedup train: 1.043
speedup: 1.033
speedup optimal: 1.457
default runtime: 1.000e+00
best runtime: 9.683e-01
default flags: -O3
best flags: -O3 0 1 2 3 4 5 6 7 8 9 10 11 12 13 14 15 16 17 18 19 20 21 22 23 24 25 26 27 28 29 30 31 32 33 34 35 36 37 38 39 40 41 42 43 44 45 46 47 48 49 50 51 52 53 54 55 56 57 58 59 60 61 62 63 64 65 66 67 68 69 70 71 72 73 74 75 76 77 78 79 80 81 82 83 84 85 86 87 88 89 90 91 92 93 94 95 96 97 98 99

cbench-bzip2::encode with Fourier
speedup train: 0.962
speedup: 1.015
speedup optimal: 1.114
default runtime: 1.000e+00
best runtime: 9.848e-01
default flags: -O3
best flags: -O3 0 1 2 3 4 5 6 7 8 9 10 11 12 13 14 15 16 17 18 19 20 21 22 23 24 25 26 27 28 29 30 31 32 33 34 35 36 37 38 39 40 41 42 43 44 45 46 47 48 49 50 51 52 53 54 55 56 57 58 59 60 61 62 63 64 65 66 67 68 69 70 71 72 73 74 75 76 77 78 79 80 81 82 83 84 85 86 87 88 89 90 91 92 93 94 95 96 97 98 99

cbench-bzip2::decode with Fourier
speedup train: 0.991
speedup: 1.010
speedup optimal: 1.194
default runtime: 1.000e+00
best runtime: 9.899e-01
default flags: -O3
best flags: -O3 0 1 2 3 4 5 6 7 8 9 10 11 12 13 14 15 16 17 18 19 20 21 22 23 24 25 26 27 28 29 30 31 32 33 34 35 36 37 38 39 40 41 42 43 44 45 46 47 48 49 50 51 52 53 54 55 56 57 58 59 60 61 62 63 64 65 66 67 68 69 70 71 72 73 74 75 76 77 78 79 80 81 82 83 84 85 86 87 88 89 90 91 92 93 94 95 96 97 98 99

cbench-consumer-jpeg-c:image-ppm-0001: with Fourier
speedup train: 1.049
speedup: 1.086
speedup optimal: 1.326
default runtime: 1.000e+00
best runtime: 9.212e-01
default flags: -O3
best flags: -O3 0 1 2 3 4 5 6 7 8 9 10 11 12 13 14 15 16 17 18 19 20 21 22 23 24 25 26 27 28 29 30 31 32 33 34 35 36 37 38 39 40 41 42 43 44 45 46 47 48 49 50 51 52 53 54 55 56 57 58 59 60 61 62 63 64 65 66 67 68 69 70 71 72 73 74 75 76 77 78 79 80 81 82 83 84 85 86 87 88 89 90 91 92 93 94 95 96 97 98 99

cbench-consumer-jpeg-d:image-jpeg-0001: with Fourier
speedup train: 0.985
speedup: 1.012
speedup optimal: 1.398
default runtime: 1.000e+00
best runtime: 9.878e-01
default flags: -O3
best flags: -O3 0 1 2 3 4 5 6 7 8 9 10 11 12 13 14 15 16 17 18 19 20 21 22 23 24 25 26 27 28 29 30 31 32 33 34 35 36 37 38 39 40 41 42 43 44 45 46 47 48 49 50 51 52 53 54 55 56 57 58 59 60 61 62 63 64 65 66 67 68 69 70 71 72 73 74 75 76 77 78 79 80 81 82 83 84 85 86 87 88 89 90 91 92 93 94 95 96 97 98 99

cbench-consumer-lame:: with Fourier
speedup train: 1.097
speedup: 1.049
speedup optimal: 1.445
default runtime: 1.000e+00
best runtime: 9.532e-01
default flags: -O3
best flags: -O3 0 1 2 3 4 5 6 7 8 9 10 11 12 13 14 15 16 17 18 19 20 21 22 23 24 25 26 27 28 29 30 31 32 33 34 35 36 37 38 39 40 41 42 43 44 45 46 47 48 49 50 51 52 53 54 55 56 57 58 59 60 61 62 63 64 65 66 67 68 69 70 71 72 73 74 75 76 77 78 79 80 81 82 83 84 85 86 87 88 89 90 91 92 93 94 95 96 97 98 99

cbench-consumer-mad:: with Fourier
speedup train: 1.023
speedup: 1.079
speedup optimal: 1.190
default runtime: 1.000e+00
best runtime: 9.267e-01
default flags: -O3
best flags: -O3 0 1 2 3 4 5 6 7 8 9 10 11 12 13 14 15 16 17 18 19 20 21 22 23 24 25 26 27 28 29 30 31 32 33 34 35 36 37 38 39 40 41 42 43 44 45 46 47 48 49 50 51 52 53 54 55 56 57 58 59 60 61 62 63 64 65 66 67 68 69 70 71 72 73 74 75 76 77 78 79 80 81 82 83 84 85 86 87 88 89 90 91 92 93 94 95 96 97 98 99

cbench-consumer-tiff2bw:image-tiff-0001: with Fourier
speedup train: 1.017
speedup: 1.033
speedup optimal: 1.156
default runtime: 1.000e+00
best runtime: 9.677e-01
default flags: -O3
best flags: -O3 0 1 2 3 4 5 6 7 8 9 10 11 12 13 14 15 16 17 18 19 20 21 22 23 24 25 26 27 28 29 30 31 32 33 34 35 36 37 38 39 40 41 42 43 44 45 46 47 48 49 50 51 52 53 54 55 56 57 58 59 60 61 62 63 64 65 66 67 68 69 70 71 72 73 74 75 76 77 78 79 80 81 82 83 84 85 86 87 88 89 90 91 92 93 94 95 96 97 98 99

cbench-consumer-tiff2dither:image-tiff-0001-bw: with Fourier
speedup train: 1.081
speedup: 1.057
speedup optimal: 1.448
default runtime: 1.000e+00
best runtime: 9.462e-01
default flags: -O3
best flags: -O3 0 1 2 3 4 5 6 7 8 9 10 11 12 13 14 15 16 17 18 19 20 21 22 23 24 25 26 27 28 29 30 31 32 33 34 35 36 37 38 39 40 41 42 43 44 45 46 47 48 49 50 51 52 53 54 55 56 57 58 59 60 61 62 63 64 65 66 67 68 69 70 71 72 73 74 75 76 77 78 79 80 81 82 83 84 85 86 87 88 89 90 91 92 93 94 95 96 97 98 99

cbench-consumer-tiff2median:: with Fourier
speedup train: 1.030
speedup: 1.052
speedup optimal: 1.292
default runtime: 1.000e+00
best runtime: 9.504e-01
default flags: -O3
best flags: -O3 0 1 2 3 4 5 6 7 8 9 10 11 12 13 14 15 16 17 18 19 20 21 22 23 24 25 26 27 28 29 30 31 32 33 34 35 36 37 38 39 40 41 42 43 44 45 46 47 48 49 50 51 52 53 54 55 56 57 58 59 60 61 62 63 64 65 66 67 68 69 70 71 72 73 74 75 76 77 78 79 80 81 82 83 84 85 86 87 88 89 90 91 92 93 94 95 96 97 98 99

cbench-consumer-tiff2rgba:image-tiff-0001: with Fourier
speedup train: 1.021
speedup: 0.998
speedup optimal: 1.273
default runtime: 1.000e+00
best runtime: 1.002e+00
default flags: -O3
best flags: -O3 0 1 2 3 4 5 6 7 8 9 10 11 12 13 14 15 16 17 18 19 20 21 22 23 24 25 26 27 28 29 30 31 32 33 34 35 36 37 38 39 40 41 42 43 44 45 46 47 48 49 50 51 52 53 54 55 56 57 58 59 60 61 62 63 64 65 66 67 68 69 70 71 72 73 74 75 76 77 78 79 80 81 82 83 84 85 86 87 88 89 90 91 92 93 94 95 96 97 98 99

cbench-network-dijkstra:cdataset-dijkstra-0001: with Fourier
speedup train: 1.002
speedup: 1.045
speedup optimal: 1.202
default runtime: 1.000e+00
best runtime: 9.573e-01
default flags: -O3
best flags: -O3 0 1 2 3 4 5 6 7 8 9 10 11 12 13 14 15 16 17 18 19 20 21 22 23 24 25 26 27 28 29 30 31 32 33 34 35 36 37 38 39 40 41 42 43 44 45 46 47 48 49 50 51 52 53 54 55 56 57 58 59 60 61 62 63 64 65 66 67 68 69 70 71 72 73 74 75 76 77 78 79 80 81 82 83 84 85 86 87 88 89 90 91 92 93 94 95 96 97 98 99

cbench-network-patricia:cdataset-patricia-0001: with Fourier
speedup train: 1.064
speedup: 1.013
speedup optimal: 1.262
default runtime: 1.000e+00
best runtime: 9.876e-01
default flags: -O3
best flags: -O3 0 1 2 3 4 5 6 7 8 9 10 11 12 13 14 15 16 17 18 19 20 21 22 23 24 25 26 27 28 29 30 31 32 33 34 35 36 37 38 39 40 41 42 43 44 45 46 47 48 49 50 51 52 53 54 55 56 57 58 59 60 61 62 63 64 65 66 67 68 69 70 71 72 73 74 75 76 77 78 79 80 81 82 83 84 85 86 87 88 89 90 91 92 93 94 95 96 97 98 99

cbench-office-stringsearch2:: with Fourier
speedup train: 1.072
speedup: 1.024
speedup optimal: 1.450
default runtime: 1.000e+00
best runtime: 9.762e-01
default flags: -O3
best flags: -O3 0 1 2 3 4 5 6 7 8 9 10 11 12 13 14 15 16 17 18 19 20 21 22 23 24 25 26 27 28 29 30 31 32 33 34 35 36 37 38 39 40 41 42 43 44 45 46 47 48 49 50 51 52 53 54 55 56 57 58 59 60 61 62 63 64 65 66 67 68 69 70 71 72 73 74 75 76 77 78 79 80 81 82 83 84 85 86 87 88 89 90 91 92 93 94 95 96 97 98 99

cbench-security-blowfish:: with Fourier
speedup train: 1.105
speedup: 1.087
speedup optimal: 1.753
default runtime: 1.000e+00
best runtime: 9.199e-01
default flags: -O3
best flags: -O3 0 1 2 3 4 5 6 7 8 9 10 11 12 13 14 15 16 17 18 19 20 21 22 23 24 25 26 27 28 29 30 31 32 33 34 35 36 37 38 39 40 41 42 43 44 45 46 47 48 49 50 51 52 53 54 55 56 57 58 59 60 61 62 63 64 65 66 67 68 69 70 71 72 73 74 75 76 77 78 79 80 81 82 83 84 85 86 87 88 89 90 91 92 93 94 95 96 97 98 99

cbench-security-pgp:: with Fourier
speedup train: 1.031
speedup: 1.131
speedup optimal: 1.328
default runtime: 1.000e+00
best runtime: 8.844e-01
default flags: -O3
best flags: -O3 0 1 2 3 4 5 6 7 8 9 10 11 12 13 14 15 16 17 18 19 20 21 22 23 24 25 26 27 28 29 30 31 32 33 34 35 36 37 38 39 40 41 42 43 44 45 46 47 48 49 50 51 52 53 54 55 56 57 58 59 60 61 62 63 64 65 66 67 68 69 70 71 72 73 74 75 76 77 78 79 80 81 82 83 84 85 86 87 88 89 90 91 92 93 94 95 96 97 98 99

cbench-security-rijndael:: with Fourier
speedup train: 1.051
speedup: 1.095
speedup optimal: 1.148
default runtime: 1.000e+00
best runtime: 9.133e-01
default flags: -O3
best flags: -O3 0 1 2 3 4 5 6 7 8 9 10 11 12 13 14 15 16 17 18 19 20 21 22 23 24 25 26 27 28 29 30 31 32 33 34 35 36 37 38 39 40 41 42 43 44 45 46 47 48 49 50 51 52 53 54 55 56 57 58 59 60 61 62 63 64 65 66 67 68 69 70 71 72 73 74 75 76 77 78 79 80 81 82 83 84 85 86 87 88 89 90 91 92 93 94 95 96 97 98 99

cbench-security-sha:: with Fourier
speedup train: 1.010
speedup: 1.028
speedup optimal: 1.164
default runtime: 1.000e+00
best runtime: 9.726e-01
default flags: -O3
best flags: -O3 0 1 2 3 4 5 6 7 8 9 10 11 12 13 14 15 16 17 18 19 20 21 22 23 24 25 26 27 28 29 30 31 32 33 34 35 36 37 38 39 40 41 42 43 44 45 46 47 48 49 50 51 52 53 54 55 56 57 58 59 60 61 62 63 64 65 66 67 68 69 70 71 72 73 74 75 76 77 78 79 80 81 82 83 84 85 86 87 88 89 90 91 92 93 94 95 96 97 98 99

cbench-telecom-adpcm-c:pcm-0001: with Fourier
speedup train: 0.968
speedup: 1.000
speedup optimal: 1.160
default runtime: 1.000e+00
best runtime: 1.000e+00
default flags: -O3
best flags: -O3 0 1 2 3 4 5 6 7 8 9 10 11 12 13 14 15 16 17 18 19 20 21 22 23 24 25 26 27 28 29 30 31 32 33 34 35 36 37 38 39 40 41 42 43 44 45 46 47 48 49 50 51 52 53 54 55 56 57 58 59 60 61 62 63 64 65 66 67 68 69 70 71 72 73 74 75 76 77 78 79 80 81 82 83 84 85 86 87 88 89 90 91 92 93 94 95 96 97 98 99

cbench-telecom-adpcm-d:adpcm-0001: with Fourier
speedup train: 1.042
speedup: 1.080
speedup optimal: 1.218
default runtime: 1.000e+00
best runtime: 9.262e-01
default flags: -O3
best flags: -O3 0 1 2 3 4 5 6 7 8 9 10 11 12 13 14 15 16 17 18 19 20 21 22 23 24 25 26 27 28 29 30 31 32 33 34 35 36 37 38 39 40 41 42 43 44 45 46 47 48 49 50 51 52 53 54 55 56 57 58 59 60 61 62 63 64 65 66 67 68 69 70 71 72 73 74 75 76 77 78 79 80 81 82 83 84 85 86 87 88 89 90 91 92 93 94 95 96 97 98 99

cbench-telecom-crc32:pcm-0001: with Fourier
speedup train: 1.048
speedup: 1.038
speedup optimal: 1.244
default runtime: 1.000e+00
best runtime: 9.631e-01
default flags: -O3
best flags: -O3 0 1 2 3 4 5 6 7 8 9 10 11 12 13 14 15 16 17 18 19 20 21 22 23 24 25 26 27 28 29 30 31 32 33 34 35 36 37 38 39 40 41 42 43 44 45 46 47 48 49 50 51 52 53 54 55 56 57 58 59 60 61 62 63 64 65 66 67 68 69 70 71 72 73 74 75 76 77 78 79 80 81 82 83 84 85 86 87 88 89 90 91 92 93 94 95 96 97 98 99

cbench-telecom-gsm:au-0001: with Fourier
speedup train: 1.058
speedup: 1.072
speedup optimal: 1.450
default runtime: 1.000e+00
best runtime: 9.327e-01
default flags: -O3
best flags: -O3 0 1 2 3 4 5 6 7 8 9 10 11 12 13 14 15 16 17 18 19 20 21 22 23 24 25 26 27 28 29 30 31 32 33 34 35 36 37 38 39 40 41 42 43 44 45 46 47 48 49 50 51 52 53 54 55 56 57 58 59 60 61 62 63 64 65 66 67 68 69 70 71 72 73 74 75 76 77 78 79 80 81 82 83 84 85 86 87 88 89 90 91 92 93 94 95 96 97 98 99
